1
3
9
11
13
16
18
21
49
52
72
75
105
119
122
126
129
131
133
136
138
140
142
144
147
150
152
154
156
158
160
162
164
166
168
170
172
174
176
178
180
182
184
186
188
190
192
194
196
198
200
202
204
206
208
210
212
214
216
218
220
222
224
226
228
230
232
234
236
238
240
242
244
246
248
250
252
254
256
258
260
262
264
266
268
270
272
274
276
279
282
286
288
290
293
295
297
299
302
305
307
309
311
313
315
317
320
322
324
326
328
330
333
335
337
339
341
344
346
348
350
352
354
356
358
360
362
364
366
368
371
373
375
378
380
382
384
387
389
391
393
396
398
400
402
404
406
408
410
412
414
416
418
420
422
424
426
428
430
433
436
438
440
442
444
446
448
450
452
454
456
459
461
463
465
467
469
471
473
475
477
479
481
483
485
488
490
492
494
496
498
500
502
504
506
508
510
512
514
516
519
521
523
526
528
530
532
534
537
539
541
544
546
548
550
552
554
557
559
562
564
566
568
570
574
576
578
581
583
585
588
590
592
594
596
598
600
602
604
606
608
610
613
615
617
619
621
623
625
627
629
631
633
635
638
640
642
644
646
648
650
652
654
656
658
660
662
664
666
668
670
672
674
676
678
680
682
684
687
689
691
693
695
697
699
701
703
705
707
709
711
713
715
717
719
721
723
725
727
731
733
735
737
740
742
744
746
748
750
752
754
756
758
760
762
764
766
768
770
772
774
776
778
780
782
784
787
789
791
793
795
797
799
801
803
805
808
811
813
815
817
819
821
823
825
827
829
831
833
835
838
840
842
844
846
848
850
852
854
857
859
861
863
865
867
869
871
873
875
877
879
881
883
885
887
889
891
893
895
898
900
902
904
906
908
910
912
914
916
918
920
922
924
926
929
931
933
935
938
940
942
944
946
948
950
952
954
956
958
960
962
964
966
968
970
972
974
976
978
980
982
984
986
988
990
993
996
998
1000
1002
1004
1006
1008
1010
1012
1014
1016
1018
1020
1022
1024
1026
1028
1030
1032
1034
1036
1038
1040
1042
1044
1047
1049
1051
1053
1055
1057
1059
1061
1063
1071
1073
1075
1077
1079
1081
1083
1085
1087
1089
1091
1094
1096
1098
1100
1102
1104
1106
1108
1110
1112
1114
1116
1118
1120
1122
1124
1126
1128
1130
1132
1134
1138
1140
1142
1144
1146
1148
1150
1152
1154
1156
1158
1160
1162
1164
1166
1168
1170
1172
1174
1176
1179
1181
1183
1185
1187
1189
1191
1193
1195
1197
1199
1201
1203
1205
1207
1209
1211
1213
1215
1218
1221
1223
1225
1227
1229
1231
1233
1235
1237
1239
1241
1243
1245
1249
1251
1253
1255
1257
1259
1261
1263
1265
1267
1269
1271
1274
1276
1278
1280
1282
1284
1286
1288
1290
1292
1294
1296
1298
1300
1302
1304
1306
1308
1310
1312
1314
1316
1318
1320
1322
1324
1326
1328
1330
1333
1336
1338
1341
1343
1345
1347
1349
1352
1354
1358
1360
1363
1365
1367
1369
1371
1373
1375
1377
1379
1381
1383
1385
1387
1389
1391
1393
1395
1398
1400
1402
1404
1406
1408
1411
1413
1416
1418
1420
1423
1425
1427
1429
1431
1433
1435
1437
1439
1441
1443
1445
1450
1452
1454
1456
1463
1465
1467
1469
1471
1479
1481
1483
1485
1487
1489
1491
1494
1496
1498
1500
1502
1504
1506
1508
1510
1512
1514
1516
1521
1523
1525
1527
1529
1531
1533
1535
1537
1540
1542
1544
1546
1548
1550
1552
1554
1556
1558
1560
1562
1564
1566
1568
1570
1572
1574
1576
1578
1580
1582
1584
1586
1588
1590
1592
1594
1596
1598
1600
1602
1604
1606
1608
1610
1612
1614
1616
1618
1620
1622
1624
1626
1628
1631
1633
1635
1637
1639
1641
1643
1645
1647
1649
1651
1653
1656
1658
1660
1662
1669
1672
1674
1676
1678
1680
1682
1684
1686
1688
1690
1692
1694
1696
1698
1700
1702
1704
1706
1708
1710
1712
1714
1716
1718
1720
1722
1724
1726
1728
1730
1732
1734
1736
1738
1740
1742
1744
1746
1748
1750
1752
1754
1756
1758
1760
1762
1764
1766
1768
1770
1772
1774
1776
1778
1780
1782
1784
1786
1788
1790
1792
1794
1796
1798
1800
1802
1804
1806
1808
1810
1812
1814
1816
1818
1820
1822
1824
1826
1828
1830
1832
1834
1836
1838
1840
1842
1844
1846
1848
1850
1852
1854
1856
1858
1860
1862
1864
1867
1869
1871
1873
1875
1877
1879
1882
1884
1886
1888
1890
1892
1894
1897
1899
1902
1904
1907
1910
1912
1914
1916
1918
1920
1922
1924
1926
1928
1930
1932
1934
1936
1938
1940
1942
1944
1946
1948
1950
1952
1954
1956
1958
1960
1962
1964
1966
1968
1970
1972
1974
1976
1978
1981
1983
1985
1987
1989
1991
1993
1995
1997
1999
2001
2003
2005
2007
2009
2011
2013
2015
2017
2019
2021
2023
2025
2027
2029
2031
2033
2035
2037
2039
2041
2043
2045
2047
2049
2051
2053
2055
2057
2059
2061
2064
2066
2068
2070
2072
2074
2076
2078
2080
2082
2084
2086
2088
2090
2093
2095
2097
2099
2101
2103
2105
2107
2109
2111
2113
2115
2117
2119
2121
2123
2125
2127
2129
2131
2133
2135
2137
2139
2141
2143
2145
2147
2149
2151
2153
2155
2157
2159
2161
2163
2165
2167
2169
2171
2173
2175
2177
2179
2181
2183
2185
2187
2189
2191
2193
2195
2197
2199
2201
2203
2205
2207
2209
2211
2214
2216
2218
2220
2222
2224
2226
2228
2230
2232
2234
2236
2238
2240
2242
2244
2246
2248
2250
2252
2254
2256
2258
2260
2262
2264
2267
2269
2271
2273
2275
2277
2280
2282
2284
2286
2294
2296
2298
2300
2302
2304
2306
2308
2310
2312
2314
2316
2318
2320
2322
2324
2326
2328
2330
2332
2334
2336
2338
2340
2342
2344
2346
2348
2350
2352
2355
2357
2359
2361
2363
2365
2367
2369
2371
2373
2375
2377
2379
2381
2383
2385
2387
2389
2391
2393
2395
2397
2399
2401
2403
2405
2407
2409
2411
2413
2415
2417
2419
2421
2423
2425
2427
2429
2431
2433
2435
2437
2439
2441
2443
2445
2447
2449
2451
2453
2455
2457
2459
2461
2463
2465
2467
2469
2471
2473
2475
2477
2479
2481
2483
2485
2487
2489
2491
2493
2495
2498
2500
2502
2504
2506
2508
2510
2512
2514
2516
2518
2520
2522
2524
2526
2528
2530
2532
2534
2536
2538
2540
2542
2544
2546
2548
2550
2552
2554
2556
2559
2561
2563
2565
2567
2569
2571
2573
2575
2577
2579
2581
2583
2585
2587
2589
2591
2593
2595
2597
2599
2601
2603
2605
2607
2609
2611
2613
2615
2617
2619
2621
2623
2625
2627
2629
2631
2633
2635
2637
2639
2641
2643
2645
2647
2649
2651
2653
2655
2657
2659
2661
2663
2665
2667
2669
2671
2673
2675
2677
2679
2681
2683
2685
2687
2689
2691
2693
2695
2697
2699
2701
2703
2705
2707
2709
2711
2713
2715
2717
2719
2721
2723
2725
2727
2729
2731
2733
2735
2737
2740
2742
2744
2746
2748
2750
2752
2755
2757
2759
2761
2763
2765
2767
2769
2771
2773
2775
2777
2779
2781
2783
2785
2787
2789
2791
2793
2795
2797
2799
2801
2803
2805
2807
2809
2811
2813
2815
2817
2819
2821
2823
2825
2827
2829
2831
2833
2835
2837
2839
2841
2843
2845
2847
2849
2851
2856
2858
2860
2862
2864
2866
2868
2870
2872
2874
2876
2878
2880
2882
2884
2886
2888
2890
2892
2894
2896
2898
2900
2902
2904
2906
2908
2910
2912
2914
2916
2918
2920
2922
2924
2926
2928
2930
2932
2934
2936
2938
2941
2943
2945
2947
2949
2951
2953
2955
2957
2959
2961
2963
2965
2967
2969
2971
2973
2975
2977
2979
2981
2983
2985
2987
2989
2991
2993
2996
2998
3000
3002
3004
3006
3008
3010
3012
3014
3016
3018
3020
3022
3024
3026
3028
3030
3032
3034
3036
3038
3040
3042
3044
3046
3048
3050
3052
3054
3056
3058
3060
3062
3064
3066
3068
3070
3072
3074
3076
3078
3080
3082
3084
3086
3088
3090
3092
3094
3096
3098
3100
3102
3104
3106
3108
3110
3112
3114
3116
3118
3120
3122
3124
3126
3128
3130
3132
3135
3137
3139
3141
3143
3145
3147
3149
3151
3153
3155
3157
3159
3161
3163
3165
3167
3169
3171
3173
3175
3177
3179
3181
3183
3185
3187
3189
3191
3193
3195
3197
3199
3201
3203
3205
3210
3212
3214
3216
3218
3220
3222
3224
3226
3228
3230
3232
3234
3236
3238
3241
3243
3245
3247
3249
3251
3253
3255
3257
3259
3261
3263
3265
3267
3269
3272
3274
3276
3278
3280
3282
3284
3286
3288
3290
3292
3294
3296
3298
3300
3302
3304
3306
3308
3310
3312
3314
3316
3318
3320
3322
3324
3326
3328
3330
3332
3334
3336
3338
3340
3342
3344
3346
3348
3350
3352
3354
3356
3358
3360
3362
3364
3366
3368
3370
3372
3374
3376
3378
3380
3382
3384
3386
3388
3390
3392
3394
3396
3398
3400
3402
3404
3406
3408
3410
3412
3414
3416
3418
3421
3423
3425
3427
3429
3431
3433
3435
3437
3439
3441
3443
3445
3447
3449
3451
3453
3455
3457
3459
3461
3463
3465
3467
3469
3471
3473
3475
3477
3481
3483
3485
3487
3489
3491
3493
3495
3498
3500
3502
3504
3506
3508
3510
3512
3514
3516
3519
3521
3523
3525
3527
3529
3531
3533
3535
3537
3539
3541
3543
3545
3547
3549
3551
3553
3555
3557
3559
3561
3563
3565
3567
3569
3571
3573
3575
3577
3580
3582
3584
3586
3588
3590
3593
3595
3597
3599
3601
3603
3605
3607
3609
3611
3613
3615
3617
3619
3621
3623
3625
3627
3629
3631
3633
3635
3637
3639
3642
3645
3647
3649
3651
3653
3655
3657
3659
3661
3663
3665
3667
3669
3671
3673
3675
3677
3679
3681
3683
3685
3687
3689
3691
3693
3695
3697
3699
3701
3703
3705
3708
3710
3712
3714
3716
3718
3720
3722
3724
3726
3728
3730
3732
3734
3736
3738
3740
3742
3744
3747
3749
3751
3753
3755
3757
3759
3761
3763
3765
3767
3769
3771
3773
3775
3777
3779
3781
3783
3785
3787
3789
3791
3793
3795
3797
3799
3801
3803
3805
3807
3809
3811
3813
3815
3817
3819
3821
3823
3825
3827
3829
3831
3833
3835
3837
3839
3841
3843
3845
3847
3849
3851
3853
3855
3857
3859
3861
3863
3865
3867
3869
3871
3873
3875
3878
3880
3882
3884
3886
3888
3890
3892
3894
3896
3898
3900
3902
3905
3907
3909
3911
3913
3915
3917
3919
3921
3923
3925
3927
3929
3931
3933
3935
3937
3939
3941
3943
3945
3947
3949
3951
3953
3955
3957
3959
3961
3963
3965
3967
3969
3971
3973
3975
3977
3979
3981
3983
3985
3987
3989
3991
3993
3995
3997
3999
4001
4003
4005
4007
4009
4012
4014
4016
4018
4020
4022
4024
4026
4028
4030
4032
4034
4036
4038
4040
4042
4044
4046
4048
4050
4052
4055
4057
4059
4061
4063
4065
4067
4069
4071
4073
4075
4077
4079
4081
4083
4085
4087
4089
4091
4093
4095
4097
4099
4101
4103
4105
4107
4109
4111
4113
4115
4117
4119
4121
4123
4125
4127
4129
4131
4133
4135
4137
4139
4141
4143
4145
4148
4150
4152
4154
4156
4158
4160
4162
4164
4166
4168
4170
4172
4174
4176
4178
4180
4182
4184
4186
4188
4190
4192
4194
4196
4198
4200
4202
4204
4206
4208
4210
4212
4214
4216
4218
4220
4222
4224
4227
4229
4231
4233
4235
4237
4239
4241
4243
4245
4247
4249
4251
4253
4255
4257
4259
4261
4263
4265
4267
4269
4271
4273
4275
4277
4279
4281
4283
4285
4287
4289
4291
4293
4295
4297
4299
4301
4303
4305
4307
4309
4311
4313
4315
4317
4320
4322
4324
4326
4328
4330
4332
4334
4336
4338
4340
4342
4344
4346
4348
4350
4352
4354
4356
4358
4360
4362
4364
4366
4368
4370
4372
4374
4376
4378
4380
4382
4384
4386
4388
4390
4392
4394
4396
4398
4401
4403
4405
4407
4409
4411
4413
4415
4417
4419
4421
4423
4425
4427
4429
4431
4433
4435
4437
4439
4441
4443
4445
4447
4449
4451
4453
4455
4457
4459
4461
4463
4465
4467
4469
4471
4473
4475
4477
4479
4481
4483
4485
4488
4490
4492
4494
4496
4498
4500
4502
4504
4506
4508
4510
4512
4514
4516
4518
4520
4522
4524
4526
4528
4530
4532
4534
4536
4538
4540
4542
4544
4546
4548
4550
4553
4555
4557
4559
4561
4563
4565
4567
4569
4571
4573
4575
4577
4579
4581
4583
4585
4587
4589
4591
4593
4595
4597
4599
4601
4603
4605
4607
4609
4611
4613
4615
4617
4619
4622
4624
4626
4628
4630
4632
4634
4636
4639
4641
4643
4645
4647
4649
4651
4653
4655
4657
4659
4661
4663
4665
4667
4669
4671
4673
4675
4677
4679
4681
4683
4685
4687
4689
4691
4693
4695
4697
4699
4701
4703
4705
4707
4709
4711
4713
4715
4717
4719
4721
4723
4726
4728
4730
4733
4735
4737
4739
4741
4743
4745
4747
4749
4751
4753
4755
4757
4759
4761
4763
4765
4767
4769
4771
4773
4775
4777
4779
4781
4783
4786
4788
4790
4792
4794
4796
4798
4801
4803
4805
4807
4809
4811
4813
4816
4818
4820
4822
4824
4826
4828
4830
4832
4834
4836
4838
4840
4842
4844
4846
4848
4850
4852
4854
4856
4858
4860
4862
4864
4866
4868
4870
4872
4874
4876
4878
4880
4882
4884
4886
4888
4890
4892
4894
4896
4898
4905
4907
4909
4911
4913
4915
4918
4920
4922
4924
4926
4928
4930
4932
4934
4936
4938
4940
4942
4944
4946
4948
4950
4952
4954
4956
4958
4960
4962
4964
4966
4968
4970
4972
4974
4976
4978
4980
4982
4984
4986
4988
4990
4992
4994
4996
4998
5000
5002
5004
5006
5008
5010
5012
5014
5016
5018
5020
5022
5025
5027
5029
5031
5033
5035
5037
5039
5041
5043
5045
5047
5049
5051
5053
5055
5057
5059
5061
5063
5065
5067
5069
5071
5073
5075
5077
5079
5081
5083
5085
5087
5089
5091
5093
5095
5097
5099
5101
5103
5105
5107
5109
5111
5113
5115
5117
5119
5121
5123
5125
5127
5129
5134
5136
5138
5140
5142
5144
5146
5148
5150
5152
5154
5156
5158
5160
5162
5164
5166
5168
5170
5173
5175
5177
5179
5181
5183
5185
5187
5189
5191
5193
5195
5197
5199
5201
5203
5205
5207
5209
5211
5213
5215
5217
5219
5221
5223
5225
5227
5229
5231
5237
5239
5241
5243
5245
5247
5249
5251
5253
5255
5257
5259
5261
5263
5265
5267
5269
5271
5273
5275
5277
5279
5281
5283
5285
5287
5289
5291
5293
5295
5297
5299
5301
5303
5305
5307
5309
5311
5313
5315
5317
5319
5321
5323
5325
5327
5329
5331
5333
5335
5337
5339
5341
5343
5345
5347
5349
5351
5353
5355
5357
5359
5361
5363
5365
5367
5369
5371
5373
5375
5377
5379
5382
5384
5386
5388
5390
5392
5394
5396
5398
5400
5402
5404
5406
5408
5410
5412
5414
5416
5418
5420
5423
5425
5427
5429
5431
5433
5435
5437
5439
5441
5443
5445
5447
5449
5451
5453
5455
5457
5459
5461
5463
5465
5467
5469
5471
5473
5475
5477
5479
5481
5483
5485
5487
5489
5491
5493
5495
5497
5499
5501
5503
5505
5507
5509
5511
5513
5515
5517
5519
5521
5523
5525
5527
5529
5531
5533
5535
5537
5539
5541
5543
5545
5547
5549
5551
5553
5555
5557
5559
5561
5563
5565
5567
5569
5571
5573
5575
5577
5579
5581
5583
5585
5587
5589
5591
5593
5595
5597
5599
5601
5603
5605
5607
5609
5611
5613
5615
5617
5619
5621
5623
5625
5628
5630
5632
5634
5637
5639
5642
5652
5654
5656
5658
5660
5662
5664
5666
5668
5670
5672
5674
5676
5678
5680
5682
5684
5686
5688
5690
5692
5694
5696
5698
5700
5702
5704
5706
5708
5710
5715
5717
5719
5721
5723
5725
5727
5729
5731
5733
5735
5737
5739
5741
5743
5745
5747
5749
5751
5753
5755
5757
5759
5762
5764
5766
5768
5770
5772
5775
5777
5779
5781
5783
5785
5787
5789
5803
5805
5807
5809
5811
5814
5816
5818
5820
5822
5824
5826
5828
5867
5871
5873
5876
5878
5880
5882
5884
5886
5888
5890
5892
5979
5981
5983
5985
5987
5989
5991
5993
5995
6005
6007
6009
6011
6014
6017
6019
6021
6023
6026
6028
6030
6032
6034
6036
6038
6041
6043
6045
6049
6051
6053
6055
6057
6060
6063
6065
6067
6069
6071
6073
6075
6077
6079
6081
6083
6085
6087
6089
6091
6093
6096
6098
6101
6103
6105
6107
6113
6115
6117
6119
6121
6127
6129
6131
6134
6136
6138
6140
6142
6144
6146
6148
6150
6152
6154
6156
6158
6160
6162
6165
6167
6169
6172
6174
6176
6178
6180
6183
6185
6188
6190
6192
6194
6197
6199
6201
6263
6265
6267
6271
6273
6275
6279
6281
6283
6285
6287
6289
6291
6293
6295
6297
6299
6301
6303
6306
6308
6310
6312
6314
6316
6318
6320
6322
6324
6326
6328
6330
6332
6334
6336
6339
6341
6343
6345
6347
6349
6351
6353
6355
6357
6359
6361
6406
6411
6423
6428
6432
6434
6440
6442
6444
6447
6449
6501
6503
6505
6507
6509
6511
6515
6517
6520
6522
6524
6526
6528
6530
6534
6536
6539
6541
6544
6547
6549
6552
6554
6557
6559
6561
6563
6565
6567
6569
6571
6573
6575
6577
6584
6587
6589
6596
6599
6601
6603
6605
6608
6612
6614
6620
6622
6624
6651
6661
6663
6665
6667
6669
6671
6673
6675
6677
6679
6681
6683
6685
6688
6690
6692
6694
6699
6701
6703
6705
6708
6711
6713
6715
6717
6719
6721
6723
6725
6727
6729
6731
6733
6735
6737
6739
6741
6743
6745
6747
6749
6751
6753
6755
6757
6759
6761
6763
6765
6768
6770
6772
6774
6776
6778
6780
6782
6786
6788
6790
6792
6794
6796
6798
6800
6802
6804
6806
6809
6811
6813
6815
6817
6819
6821
6825
6827
6829
6831
6833
6835
6838
6840
6843
6845
6847
6849
6851
6854
6856
6858
6860
6862
6864
6866
6868
6870
6872
6874
6876
6880
6882
6884
6886
6888
6909
6911
6913
6915
6917
6923
6926
6993
6995
6997
6999
7001
7003
7005
7008
7010
7012
7014
7016
7023
7025
7027
7029
7031
7033
7035
7039
7041
7043
7045
7047
7049
7051
7053
7055
7057
7059
7061
7063
7066
7068
7070
7072
7074
7076
7078
7080
7082
7084
7091
7093
7095
7097
7127
7129
7134
7136
7138
7140
7142
7144
7146
7148
7150
7152
7154
7156
7161
7163
7165
7167
7169
7171
7175
7223
7225
7227
7229
7231
7233
7235
7237
7239
7242
7244
7246
7248
7252
7254
7256
7258
7260
7262
7264
7266
7268
7270
7289
7291
7293
7295
7297
7299
7302
7304
7306
7308
7311
7313
7315
7317
7320
7322
7324
7326
7328
7330
7332
7335
7337
7339
7341
7343
7345
7347
7349
7351
7353
7355
7357
7359
7361
7363
7365
7367
7370
7372
7374
7376
7378
7380
7382
7384
7386
7388
7390
7392
7394
7396
7398
7400
7402
7404
7406
7408
7410
7412
7414
7416
7418
7420
7422
7424
7432
7434
7436
7438
7443
7445
7447
7449
7451
7453
7455
7457
7459
7462
7464
7468
7470
7472
7474
7476
7478
7480
7482
7486
7488
7490
7492
7494
7496
7498
7500
7503
7505
7507
7509
7511
7513
7515
7517
7519
7521
7523
7525
7527
7530
7532
7534
7551
7554
7556
7558
7560
7562
7564
7566
7568
7570
7572
7575
7577
7579
7616
7618
7620
7622
7624
7657
7662
7664
7666
7668
7671
7673
7676
7678
7681
7683
7772
7774
7776
7780
7785
7787
7792
7794
7796
7798
7800
7802
7804
7806
7809
7811
7813
7815
7817
7819
7821
7823
7825
7827
7829
7831
7833
7835
7838
7840
7842
7844
7846
7848
7850
7852
7854
7857
7859
7861
7863
7865
7867
7869
7871
7873
7875
7878
7880
7882
7884
7897
7916
7918
7975
7977
7979
7981
7983
7985
8017
8019
8021
8023
8025
8028
8030
8032
8034
8036
8039
8041
8043
8045
8047
8049
8060
8062
8064
8066
8068
8070
8072
8074
8076
8078
8083
8085
8087
8090
8092
8094
8096
8098
8100
8102
8104
8106
8118
8120
8122
8124
8126
8128
8131
8133
8135
8139
8141
8143
8145
8147
8149
8153
8155
8157
8159
8161
8163
8165
8167
8169
8172
8241
8252
8295
8321
8330
8333
8339
8348
8361
8382
8394
8396
8405
8408
8410
8415
8427
8433
8441
8445
8450
8479
8481
8483
8485
8496
8499
8501
8510
8512
8523
8531
8569
8575
8577
8579
8581
8583
8585
8587
8589
8591
8593
8595
8597
8599
8601
8603
8605
8607
8609
8611
8613
8615
8617
8619
8621
8623
8625
8627
8629
8631
8633
8635
8637
8639
8641
8643
8645
8647
8649
8651
8653
8655
8657
8659
8661
8663
8665
8667
8669
8671
8673
8675
8677
8679
8681
8683
8685
8687
8689
8691
8694
8696
8698
8700
8702
8704
8706
8708
8710
8712
8714
8716
8718
8720
8722
8724
8726
8728
8730
8732
8734
8736
8738
8740
8742
8744
8746
8748
8750
8752
8754
8756
8758
8760
8762
8765
8767
8769
8771
8774
8776
8778
8780
8782
8796
8798
8867
8869
8910
8912
8916
8960
8982
8985
9013
9021
9024
9028
9068
9071
9081
9083
9085
9095
9102
9104
9107
9110
9119
9126
9128
9131
9134
9136
9138
9141
9143
9145
9147
9149
9151
9156
9158
9160
9165
9167
9169
9171
9174
9177
9179
9181
9183
9187
9191
9193
9196
9199
9201
9206
9217
9219
9223
9228
9231
9235
9238
9240
9242
9244
9246
9249
9252
9261
9263
9265
9272
9274
9277
9279
9281
9285
9289
9296
9299
9301
9303
9306
9308
9310
9312
9314
9316
9318
9320
9323
9326
9330
9333
9335
9337
9339
9341
9343
9347
9349
9351
9354
9356
9358
9361
9364
9366
9369
9372
9374
9376
9380
9382
9384
9386
9388
9390
9392
9394
9396
9398
9402
9404
9406
9408
9410
9418
9420
9422
9424
9426
9428
9430
9433
9436
9439
9441
9443
9445
9447
9451
9453
9455
9457
9459
9461
9463
9466
9468
9470
9472
9474
9476
9478
9480
9483
9485
9487
9492
9494
9496
9498
9500
9502
9504
9506
9508
9511
9513
9515
9518
9520
9522
9525
9527
9533
9535
9537
9540
9545
9547
9549
9551
9553
9555
9557
9561
9567
9571
9573
9575
9578
9580
9583
9585
9596
9599
9601
9603
9605
9607
9609
9612
9619
9621
9624
9626
9628
9630
9632
9634
9636
9638
9640
9642
9644
9646
9648
9650
9652
9654
9656
9658
9660
9662
9664
9666
9668
9670
9672
9674
9676
9678
9680
9682
9684
9686
9688
9690
9692
9694
9696
9698
9700
9702
9704
9706
9708
9710
9712
9714
9716
9718
9720
9722
9724
9726
9728
9730
9732
9734
9736
9738
9740
9742
9744
9746
9748
9750
9752
9754
9756
9758
9760
9762
9764
9766
9768
9770
9772
9775
9777
9779
9781
9783
9785
9787
9789
9791
9793
9795
9797
9799
9801
9803
9805
9807
9809
9811
9813
9815
9817
9819
9825
9827
9829
9831
9833
9835
9837
9839
9841
9843
9845
9847
9849
9852
9854
9856
9858
9860
9862
9864
9866
9868
9870
9872
9874
9876
9878
9881
9883
9885
9888
9890
9892
9894
9896
9898
9900
9902
9905
9907
9909
9911
9913
9916
9919
9921
9923
9925
9927
9929
9931
9933
9935
9937
9939
9941
9943
9945
9947
9949
9952
9954
9956
9958
9960
9962
9964
9966
9968
9971
9975
9977
9979
9981
9983
9985
9987
9991
9993
9995
9998
10000
10002
10004
10006
10008
10010
10012
10014
10016
10018
10021
10023
10025
10027
10029
10031
10033
10035
10037
10039
10042
10044
10046
10048
10050
10052
10054
10056
10058
10060
10062
10064
10066
10068
10070
10072
10074
10076
10078
10080
10082
10084
10086
10088
10090
10092
10094
10096
10099
10101
10103
10105
10107
10109
10111
10113
10116
10118
10120
10122
10124
10126
10129
10131
10133
10135
10137
10139
10141
10143
10145
10147
10149
10151
10154
10156
10158
10160
10162
10164
10166
10168
10170
10173
10175
10177
10180
10182
10185
10187
10189
10191
10193
10196
10198
10200
10202
10204
10206
10208
10210
10212
10214
10216
10218
10220
10222
10224
10226
10228
10230
10232
10234
10236
10238
10240
10242
10244
10246
10248
10251
10253
10255
10257
10259
10261
10264
10266
10268
10270
10272
10274
10276
10278
10280
10283
10285
10288
10290
10292
10294
10296
10298
10300
10302
10304
10306
10308
10310
10312
10314
10316
10318
10320
10322
10324
10326
10328
10330
10332
10334
10336
10338
10342
10344
10346
10348
10350
10352
10354
10356
10358
10360
10362
10364
10366
10368
10370
10372
10374
10376
10378
10380
10382
10384
10386
10388
10390
10392
10394
10396
10398
10400
10403
10405
10407
10409
10411
10413
10415
10417
10419
10421
10423
10425
10427
10429
10431
10433
10435
10437
10439
10441
10443
10445
10447
10449
10451
10453
10455
10457
10459
10461
10463
10465
10467
10469
10471
10473
10475
10477
10479
10481
10483
10485
10487
10489
10491
10493
10495
10497
10499
10501
10503
10505
10507
10510
10512
10514
10516
10518
10520
10522
10525
10527
10529
10531
10533
10535
10537
10540
10542
10544
10546
10548
10550
10552
10554
10556
10558
10560
10562
10564
10566
10568
10570
10572
10574
10576
10578
10580
10582
10584
10586
10589
10591
10593
10595
10597
10599
10601
10603
10605
10607
10609
10611
10613
10615
10617
10619
10621
10623
10625
10627
10629
10631
10633
10635
10637
10639
10641
10643
10645
10647
10649
10651
10653
10655
10657
10659
10661
10663
10666
10668
10670
10672
10674
10676
10678
10680
10682
10684
10686
10689
10691
10693
10695
10697
10699
10701
10703
10705
10707
10709
10711
10713
10715
10717
10719
10722
10725
10727
10729
10731
10733
10735
10737
10739
10741
10743
10746
10748
10750
10752
10754
10756
10758
10760
10762
10764
10766
10768
10770
10772
10774
10776
10778
10780
10782
10784
10786
10788
10790
10792
10794
10796
10798
10800
10802
10804
10806
10808
10810
10812
10814
10816
10818
10820
10822
10824
10826
10828
10830
10832
10834
10836
10838
10840
10842
10844
10846
10848
10850
10852
10854
10856
10858
10860
10862
10864
10866
10868
10870
10872
10874
10876
10878
10880
10882
10884
10886
10888
10890
10892
10894
10896
10898
10900
10902
10904
10906
10908
10910
10912
10914
10917
10920
10922
10924
10926
10928
10930
10932
10934
10936
10938
10940
10942
10944
10946
10948
10950
10952
10954
10956
10958
10960
10962
10964
10966
10968
10970
10973
10975
10977
10979
10981
10983
10985
10987
10989
10991
10993
10995
10997
10999
11001
11003
11005
11007
11009
11011
11013
11015
11017
11019
11021
11023
11025
11027
11029
11031
11033
11035
11037
11039
11041
11043
11045
11047
11049
11051
11053
11055
11057
11059
11061
11063
11065
11067
11069
11071
11073
11075
11077
11079
11081
11083
11085
11087
11089
11091
11093
11095
11097
11099
11101
11103
11105
11107
11109
11111
11113
11115
11117
11119
11121
11123
11125
11127
11129
11131
11133
11135
11137
11139
11141
11143
11145
11147
11149
11151
11153
11155
11157
11159
11161
11163
11165
11167
11169
11171
11173
11175
11177
11179
11181
11183
11185
11187
11189
11191
11193
11195
11197
11199
11201
11203
11205
11207
11209
11211
11213
11215
11217
11219
11221
11223
11225
11227
11229
11231
11233
11235
11237
11239
11241
11243
11245
11247
11249
11251
11253
11255
11257
11259
11261
11263
11265
11267
11269
11271
11273
11275
11277
11279
11281
11283
11285
11287
11289
11291
11293
11295
11297
11299
11301
11303
11305
11307
11309
11311
11313
11315
11317
11319
11321
11323
11325
11327
11329
11331
11333
11335
11337
11339
11341
11343
11345
11347
11349
11351
11353
11355
11357
11359
11361
11363
11365
11367
11369
11371
11373
11375
11377
11379
11381
11383
11385
11387
11389
11391
11393
11395
11397
11399
11401
11403
11405
11407
11409
11411
11413
11415
11417
11419
11421
11423
11425
11427
11429
11431
11433
11435
11437
11439
11441
11443
11445
11447
11449
11451
11453
11455
11457
11459
11461
11463
11465
11467
11469
11471
11473
11475
11477
11479
11481
11483
11485
11487
11489
11491
11493
11495
11497
11499
11501
11503
11505
11507
11509
11511
11513
11515
11517
11519
11521
11523
11525
11527
11529
11531
11533
11535
11537
11539
11541
11543
11545
11547
11549
11551
11553
11555
11557
11559
11561
11563
11565
11567
11569
11571
11573
11575
11577
11579
11581
11583
11585
11587
11589
11591
11593
11595
11597
11599
11601
11603
11605
11607
11609
11611
11613
11615
11617
11619
11621
11623
11625
11627
11629
11631
11633
11635
11637
11639
11641
11643
11645
11647
11649
11651
11653
11655
11657
11659
11661
11663
11665
11667
11669
11671
11673
11675
11677
11679
11681
11683
11685
11687
11689
11691
11693
11695
11697
11699
11701
11703
11705
11707
11709
11711
11713
11715
11717
11719
11721
11723
11725
11727
11729
11731
11733
11735
11737
11739
11741
11743
11745
11747
11749
11751
11753
11755
11757
11759
11761
11763
11765
11767
11769
11771
11773
11775
11777
11779
11781
11783
11785
11787
11789
11791
11793
11795
11797
11799
11801
11803
11805
11807
11809
11811
11813
11815
11817
11819
11821
11823
11825
11827
11829
11831
11833
11835
11837
11839
11841
11843
11845
11847
11849
11851
11853
11855
11857
11859
11861
11863
11865
11867
11869
11871
11873
11875
11877
11879
11881
11883
11885
11887
11889
11891
11893
11895
11897
11899
11901
11903
11905
11907
11909
11911
11913
11915
11917
11919
11921
11923
11925
11927
11929
11932
11938
11962
11970
11995
12006
12129
12159
12202
12205
12260
12344
12389
12467
12556
12582
12711
12713
12740
12743
12879
12882
12894
12931
12997
13008
13010
13012
13014
13016
13018
13020
13022
13024
13026
13028
13030
13032
13034
13036
13038
13040
13042
13044
13046
13048
13050
13052
13054
13056
13058
13060
13062
13064
13066
13068
13070
13072
13074
13076
13078
13080
13084
13087
13121
13123
13125
13127
13129
13131
13133
13135
13137
13139
13141
13143
13145
13147
13149
13151
13153
13155
13157
13159
13161
13163
13165
13167
13169
13171
13173
13175
13177
13179
13181
13183
13185
13187
13189
13191
13193
13195
13197
13199
13201
13203
13205
13207
13209
13211
13213
13215
13217
13219
13221
13223
13225
13227
13229
13231
13233
13235
13237
13239
13241
13243
13245
13247
13249
13251
13253
13265
13284
13288
13329
13331
13333
13335
13337
13339
13341
13343
13345
13347
13349
13351
13353
13355
13357
13359
13361
13363
13365
13367
13369
13371
13373
13375
13377
13379
13381
13383
13385
13387
13389
13391
13393
13395
13397
13399
13401
13403
13405
13407
13409
13411
13413
13415
13417
13419
13421
13423
13425
13427
13429
13431
13433
13435
13437
13439
13441
13443
13445
13447
13449
13451
13453
13455
13457
13459
13461
13463
13465
13467
13469
13471
13473
13475
13477
13479
13481
13483
13485
13487
13489
13491
13493
13495
13497
13499
13501
13503
13505
13507
13509
13511
13513
13515
13517
13519
13521
13523
13525
13527
13529
13531
13533
13535
13537
13539
13541
13543
13545
13547
13549
13551
13553
13555
13557
13559
13561
13563
13565
13567
13569
13571
13573
13575
13577
13579
13581
13583
13585
13587
13589
13591
13593
13595
13597
13599
13601
13603
13605
13607
13609
13611
13613
13615
13617
13619
13621
13623
13625
13627
13629
13631
13633
13635
13637
13639
13641
13643
13645
13647
13649
13651
13653
13655
13657
13659
13661
13663
13665
13667
13669
13671
13673
13675
13677
13679
13681
13683
13685
13687
13689
13691
13693
13695
13697
13699
13701
13703
13705
13707
13709
13711
13713
13715
13717
13719
13721
13723
13725
13727
13729
13731
13733
13735
13737
13739
13741
13743
13745
13747
13749
13751
13753
13755
13757
13759
13761
13763
13765
13767
13769
13771
13773
13775
13777
13779
13781
13783
13785
13787
13789
13791
13793
13795
13797
13799
13801
13803
13805
13807
13809
13811
13813
13815
13817
13819
13821
13823
13825
13827
13829
13831
13833
13835
13837
13839
13841
13843
13845
13847
13849
13851
13853
13855
13857
13859
13861
13863
13865
13867
13869
13871
13873
13875
13877
13879
13881
13883
13885
13887
13889
13891
13893
13895
13897
13899
13901
13903
13905
13907
13909
13911
13913
13915
13917
13919
13921
13923
13925
13927
13929
13931
13933
13935
13937
13939
13941
13943
13945
13947
13949
13951
13953
13955
13957
13959
13961
13963
13965
13967
13969
13971
13973
13975
13977
13979
13981
13983
13985
13987
13989
13991
13993
13995
13997
13999
14001
14003
14005
14007
14009
14011
14013
14015
14017
14019
14021
14023
14025
14027
14029
14031
14033
14035
14037
14039
14041
14043
14045
14047
14049
14051
14053
14055
14057
14059
14061
14063
14065
14067
14069
14071
14073
14075
14077
14079
14081
14083
14085
14087
14089
14091
14093
14095
14097
14099
14101
14103
14105
14107
14109
14111
14113
14115
14117
14119
14121
14123
14125
14127
14129
14131
14133
14135
14137
14139
14141
14143
14145
14147
14149
14151
14153
14155
14157
14159
14161
14163
14165
14167
14169
14171
14173
14175
14177
14179
14181
14183
14185
14187
14189
14191
14193
14195
14197
14199
14201
14203
14205
14207
14209
14211
14213
14215
14217
14219
14221
14223
14225
14227
14229
14231
14233
14235
14237
14239
14241
14243
14245
14247
14249
14251
14253
14255
14257
14259
14261
14263
14265
14267
14269
14271
14273
14275
14277
14279
14281
14283
14285
14287
14289
14291
14293
14295
14297
14299
14301
14303
14305
14307
14309
14311
14313
14315
14317
14319
14321
14323
14325
14327
14329
14331
14333
14335
14337
14339
14341
14343
14345
14347
14349
14351
14353
14355
14357
14359
14361
14363
14365
14368
14370
14372
14377
14409
14693
14695
14697
14699
14701
14703
14705
14743
14745
14747
14749
14751
14753
14756
14760
14768
14772
14777
14779
14788
14798
14800
14825
14829
14844
14851
14853
14855
14890
14896
14902
14910
14912
14915
14922
14925
14938
14979
14981
14984
14999
15001
15004
15012
15020
15044
15046
15048
15075
15261
15272
15275
15277
15325
15327
15331
15333
15336
15636
15638
15641
15643
15645
15647
15649
15651
15684
15686
15689
15691
15696
15698
15871
15873
15875
15877
15879
15881
15883
15885
15887
15889
15891
15893
15895
15899
15901
15903
15905
15912
15914
15916
15919
15921
15925
15927
15931
15933
15936
15938
15941
15948
15950
15955
15957
15959
15962
15964
15967
15970
15972
15974
15976
15979
15981
15983
15985
15987
15989
15991
15993
16000
16003
16005
16007
16009
16012
16014
16016
16018
16020
16022
16026
16028
16030
16041
16043
16045
16047
16049
16051
16053
16055
16057
16096
16102
16105
16107
16109
16111
16113
16115
16117
16119
16121
16123
16125
16127
16129
16131
16133
16135
16137
16139
16141
16143
16145
16147
16149
16151
16153
16155
16157
16159
16161
16163
16165
16167
16169
16171
16173
16175
16177
16179
16181
16183
16185
16187
16189
16191
16193
16196
16198
16200
16203
16209
16216
16227
16243
16252
16260
16270
16284
16293
16305
16316
16320
16325
16327
16331
16338
16341
16347
16351
16361
16369
16376
16380
16384
16389
16395
16399
16401
16403
16407
16409
16411
16413
16415
16417
16419
16421
16423
16425
16427
16429
16431
16433
16435
16437
16439
16441
16443
16445
16447
16449
16451
16453
16455
16457
16459
16461
16463
16465
16467
16469
16471
16473
16475
16477
16479
16481
16483
16485
16487
16489
16491
16493
16495
16497
16499
16501
16503
16505
16507
16509
16511
16513
16515
16517
16519
16521
16523
16525
16527
16529
16531
16533
16535
16537
16539
16541
16543
16545
16547
16549
16551
16553
16555
16557
16559
16561
16563
16565
16567
16569
16571
16573
16575
16577
16579
16581
16583
16585
16587
16589
16591
16593
16595
16597
16599
16601
16603
16605
16607
16609
16611
16613
16615
16617
16619
16621
16623
16625
16627
16629
16631
16633
16635
16637
16639
16641
16643
16645
16647
16649
16651
16653
16655
16657
16659
16661
16663
16665
16667
16669
16671
16673
16675
16677
16679
16681
16683
16685
16687
16689
16691
16693
16695
16697
16699
16701
16703
16705
16707
16709
16711
16713
16715
16717
16719
16721
16723
16725
16727
16729
16731
16733
16735
16737
16739
16741
16743
16745
16747
16749
16751
16753
16755
16757
16759
16761
16763
16765
16767
16769
16771
16773
16775
16777
16779
16781
16783
16785
16787
16789
16791
16793
16795
16797
16799
16801
16803
16805
16807
16809
16811
16813
16815
16817
16819
16821
16823
16825
16827
16829
16831
16833
16835
16837
16839
16841
16843
16845
16847
16849
16851
16853
16855
16857
16859
16861
16863
16865
16867
16869
16871
16873
16875
16877
16879
16881
16883
16885
16887
16889
16891
16893
16895
16897
16899
16901
16903
16905
16907
16909
16911
16913
16915
16917
16919
16921
16923
16925
16927
16929
16931
16933
16935
16937
16939
16941
16943
16945
16947
16949
16951
16953
16955
16957
16959
16961
16963
16965
16967
16969
16971
16973
16975
16977
16979
16981
16983
16985
16987
16989
16991
16993
16995
16997
16999
17001
17003
17005
17007
17009
17011
17013
17015
17017
17019
17021
17023
17025
17027
17029
17031
17033
17035
17037
17039
17041
17043
17045
17047
17049
17051
17053
17055
17057
17059
17061
17063
17065
17067
17069
17071
17073
17075
17077
17079
17081
17083
17085
17087
17089
17091
17093
17095
17097
17099
17101
17103
17105
17107
17109
17111
17113
17115
17117
17119
17121
17123
17125
17127
17129
17131
17133
17135
17137
17139
17141
17143
17145
17147
17149
17151
17153
17155
17157
17159
17161
17163
17165
17167
17169
17171
17173
17175
17177
17179
17181
17183
17185
17187
17189
17191
17193
17195
17197
17199
17201
17203
17205
17207
17209
17211
17213
17215
17217
17219
17221
17223
17225
17227
17229
17231
17233
17235
17237
17239
17241
17243
17245
17247
17249
17251
17253
17255
17257
17259
17261
17263
17265
17267
17269
17271
17273
17275
17277
17279
17281
17283
17285
17287
17289
17291
17294
17298
17334
17351
17372
17387
17400
17402
17404
17406
17408
17410
17412
17414
17416
17418
17420
17422
17424
17426
17428
17430
17432
17434
17436
17438
17440
17442
17444
17446
17448
17450
17452
17454
17456
17458
17460
17462
17464
17466
17468
17470
17472
17474
17476
17478
17480
17482
17484
17486
17488
17490
17492
17494
17496
17498
17500
17502
17504
17506
17508
17510
17512
17514
17516
17518
17520
17522
17524
17526
17528
17530
17532
17534
17536
17538
17540
17542
17544
17546
17548
17550
17552
17554
17556
17558
17561
17582
17584
17586
17609
17772
17817
17820
17822
17824
17826
17828
17830
17832
17834
17836
17838
17840
17842
17844
17846
17848
17850
17852
17854
17856
17858
17860
17862
17864
17866
17868
17870
17873
17875
17877
17879
17881
17883
17885
17887
17889
17891
17893
17895
17897
17899
17901
17903
17905
17907
17909
17911
17913
17915
17917
17919
17921
17923
17925
17927
17929
17931
17933
17935
17937
17939
17941
17943
17945
17947
17949
17951
17953
17955
17957
17959
17961
17963
17965
17967
17969
17971
17973
17975
17977
17979
17981
17983
17985
17987
17989
17991
17993
17995
17997
17999
18001
18003
18005
18007
18009
18011
18013
18015
18017
18019
18021
18023
18025
18027
18029
18031
18033
18035
18037
18039
18041
18043
18045
18047
18049
18051
18053
18055
18057
18059
18061
18063
18065
18067
18069
18071
18073
18075
18077
18079
18081
18083
18085
18087
18089
18091
18093
18095
18097
18099
18101
18103
18105
18107
18109
18111
18113
18115
18117
18119
18121
18123
18125
18127
18129
18131
18133
18135
18137
18139
18141
18143
18145
18147
18149
18151
18153
18155
18157
18159
18161
18163
18165
18167
18169
18171
18173
18175
18177
18179
18181
18183
18185
18187
18189
18191
18193
18195
18197
18199
18201
18203
18205
18207
18209
18211
18213
18215
18217
18219
18221
18223
18225
18227
18229
18231
18233
18235
18237
18239
18241
18243
18245
18247
18249
18251
18253
18255
18257
18259
18261
18263
18265
18267
18269
18271
18273
18275
18277
18279
18281
18283
18285
18287
18289
18291
18293
18295
18297
18299
18301
18303
18305
18307
18309
18311
18313
18315
18317
18319
18321
18323
18325
18327
18329
18331
18333
18335
18337
18339
18341
18343
18345
18347
18349
18351
18353
18355
18357
18359
18361
18363
18365
18367
18369
18371
18373
18375
18377
18379
18381
18383
18385
18387
18389
18391
18393
18395
18397
18399
18401
18403
18405
18407
18409
18411
18413
18415
18417
18419
18421
18423
18425
18427
18429
18431
18433
18435
18437
18439
18441
18443
18445
18447
18449
18451
18453
18455
18457
18459
18461
18463
18465
18467
18469
18471
18473
18475
18477
18479
18481
18483
18485
18487
18489
18491
18493
18495
18497
18499
18501
18503
18505
18507
18509
18511
18513
18515
18517
18519
18521
18523
18525
18527
18529
18531
18533
18535
18537
18539
18541
18543
18545
18547
18549
18551
18553
18555
18557
18559
18561
18563
18565
18567
18569
18571
18573
18575
18577
18579
18581
18583
18585
18587
18589
18591
18593
18595
18597
18599
18601
18603
18605
18607
18609
18611
18613
18615
18617
18619
18621
18623
18625
18627
18629
18631
18633
18635
18637
18639
18641
18643
18645
18647
18649
18651
18653
18655
18657
18659
18661
18663
18665
18667
18669
18671
18673
18675
18677
18679
18681
18683
18685
18687
18689
18691
18693
18695
18697
18699
18701
18703
18705
18707
18709
18711
18713
18715
18717
18719
18721
18723
18725
18727
18729
18731
18733
18735
18737
18739
18741
18743
18745
18747
18749
18751
18753
18755
18757
18759
18761
18763
18765
18767
18769
18771
18773
18775
18777
18779
18781
18783
18785
18787
18789
18791
18793
18795
18797
18799
18801
18803
18805
18807
18809
18811
18813
18815
18817
18819
18821
18823
18825
18827
18829
18832
18837
18839
18842
18844
18846
18848
18853
18856
18860
18863
18866
18870
18873
18875
18878
18882
18885
18888
18891
18894
18898
18902
18906
18911
18914
18917
18923
18926
18928
18931
18935
18939
18942
18945
18948
18951
18956
18958
18961
18964
18968
18972
18974
18976
18980
18984
18989
18993
18998
19003
19007
19010
19015
19019
19023
19028
19032
19035
19038
19042
19047
19050
19053
19056
19059
19061
19072
19076
19080
19083
19085
19088
19092
19096
19101
19105
19111
19114
19118
19122
19124
19126
19128
19130
19132
19136
19138
19140
19145
19147
19149
19151
19156
19161
19163
19167
19172
19175
19177
19179
19183
19187
19189
19192
19194
19199
19204
19208
19210
19214
19217
19219
19222
19226
19230
19237
19247
19251
19257
19266
19269
19276
19279
19287
19297
19301
19304
19312
19321
19325
19331
19334
19336
19345
19353
19357
19366
19373
19379
19388
19394
19399
19404
19407
19414
19417
19422
19427
19437
19441
19444
19450
19461
19465
19473
19476
19481
19483
19489
19495
19507
19511
19515
19519
19523
19526
19535
19545
19550
19556
19561
19570
19575
19580
19586
19595
19605
19614
19622
19625
19639
19644
19651
19657
19662
19668
19672
19676
19683
19695
19705
19716
19719
19730
19733
19739
19746
19749
19752
19759
19767
19772
19781
19792
19797
19803
19811
19818
19826
19836
19843
19850
19855
19868
19877
19886
19890
19896
19905
19912
19922
19925
19931
19941
19946
19956
19958
19963
19969
19975
19989
19998
20001
20003
20013
20019
20029
20037
20046
20056
20064
20068
20076
20081
20083
20090
20092
20097
20106
20109
20118
20127
20136
20139
20143
20147
20154
20157
20163
20168
20175
20178
20185
20191
20196
20199
20208
20215
20218
20222
20224
20227
20235
20241
20245
20253
20257
20268
20273
20277
20285
20290
20301
20309
20312
20321
20323
20329
20339
20344
20351
20359
20361
20363
20366
20372
20384
20390
20392
20394
20396
20398
20400
20402
20404
20406
20408
20410
20412
20414
20416
20418
20420
20422
20424
20426
20428
20430
20432
20434
20436
20438
20440
20442
20444
20446
20448
20450
20452
20454
20456
20458
20460
20462
20464
20466
20468
20470
20472
20474
20476
20478
20480
20482
20484
20486
20488
20490
20492
20494
20496
20498
20500
20502
20504
20506
20508
20510
20512
20514
20516
20518
20520
20522
20524
20526
20528
20530
20532
20534
20536
20538
20540
20542
20544
20546
20548
20550
20552
20554
20556
20558
20560
20562
20564
20566
20568
20570
20572
20574
20576
20578
20580
20582
20584
20586
20588
20590
20592
20594
20596
20598
20600
20602
20604
20606
20608
20610
20612
20614
20616
20618
20620
20622
20624
20626
20628
20630
20632
20634
20636
20638
20640
20642
20644
20646
20648
20650
20652
20654
20656
20658
20660
20662
20664
20666
20668
20670
20672
20674
20676
20678
20680
20682
20684
20686
20688
20690
20692
20694
20696
20698
20700
20702
20704
20706
20708
20710
20712
20714
20716
20718
20720
20722
20724
20726
20728
20730
20732
20734
20736
20738
20740
20742
20744
20746
20748
20750
20752
20754
20756
20758
20760
20762
20764
20766
20768
20770
20772
20774
20776
20778
20780
20782
20784
20786
20788
20790
20792
20794
20796
20798
20800
20802
20804
20806
20808
20810
20812
20814
20816
20818
20820
20822
20824
20826
20828
20830
20832
20834
20836
20838
20840
20842
20844
20846
20848
20850
20852
20854
20856
20858
20860
20862
20864
20866
20868
20870
20872
20874
20876
20878
20880
20882
20884
20886
20888
20890
20892
20894
20896
20898
20900
20902
20904
20906
20908
20910
20912
20914
20916
20918
20920
20922
20924
20926
20928
20930
20932
20934
20936
20938
20940
20942
20944
20946
20948
20950
20952
20954
20956
20958
20960
20962
20964
20966
20968
20970
20972
20974
20976
20978
20980
20982
20984
20986
20988
20990
20992
20994
20996
20998
21000
21002
21004
21006
21008
21010
21012
21014
21016
21018
21020
21022
21024
21026
21028
21030
21032
21034
21036
21038
21040
21042
21044
21046
21048
21050
21052
21054
21056
21058
21060
21062
21064
21066
21068
21070
21072
21074
21076
21078
21080
21082
21084
21086
21088
21090
21092
21094
21096
21098
21100
21102
21104
21106
21108
21110
21112
21114
21116
21118
21120
21122
21124
21126
21128
21130
21132
21134
21136
21138
21140
21142
21144
21146
21148
21150
21152
21154
21156
21158
21160
21162
21164
21166
21168
21170
21172
21174
21176
21178
21180
21182
21184
21186
21188
21190
21192
21194
21196
21198
21200
21202
21204
21206
21208
21210
21212
21214
21216
21218
21220
21222
21224
21226
21228
21230
21232
21234
21236
21238
21240
21242
21244
21246
21248
21250
21252
21254
21256
21258
21260
21262
21264
21266
21268
21270
21272
21274
21276
21278
21280
21282
21284
21286
21288
21290
21292
21294
21296
21298
21300
21302
21304
21306
21308
21310
21312
21314
21316
21318
21320
21322
21324
21326
21328
21330
21332
21334
21336
21338
21340
21342
21344
21346
21348
21350
21352
21354
21356
21358
21360
21362
21364
21366
21368
21370
21372
21374
21376
21378
21380
21382
21384
21386
21388
21390
21392
21394
21396
21398
21400
21402
21404
21406
21408
21410
21412
21414
21416
21418
21420
21422
21424
21426
21429
21431
21433
21435
21437
21440
21442
21444
21446
21448
21450
21452
21454
21456
21458
21460
21462
21464
21466
21468
21470
21472
21474
21476
21478
21480
21482
21485
21487
21489
21491
21493
21495
21497
21499
21501
21503
21505
21507
21509
21511
21513
21515
21517
21519
21521
21523
21525
21527
21530
21532
21534
21536
21538
21540
21542
21544
21547
21549
21551
21553
21555
21557
21559
21561
21563
21565
21567
21569
21571
21573
21575
21577
21579
21581
21583
21585
21587
21589
21591
21593
21595
21597
21599
21601
21603
21605
21607
21609
21611
21613
21615
21617
21619
21622
21624
21626
21628
21630
21632
21634
21636
21638
21640
21642
21644
21646
21648
21650
21652
21654
21656
21658
21660
21662
21664
21666
21668
21670
21672
21674
21676
21678
21681
21683
21685
21687
21689
21692
21694
21696
21698
21700
21702
21704
21706
21708
21710
21712
21714
21716
21718
21720
21722
21724
21726
21728
21730
21732
21737
21741
21745
21749
21753
21757
21761
21765
21769
21774
21778
21782
21786
21790
21794
21798
21802
21806
21810
21814
21818
21822
21826
21830
21834
21838
21842
21846
21850
21854
21858
21862
21866
21870
21874
21878
21882
21886
21890
21894
21898
21903
21908
21913
21917
21921
21923
21925
21927
21929
21933
21937
21941
21945
21949
21953
21957
21961
21965
21969
21973
21977
21981
21985
21989
21993
21997
22001
22005
22009
22013
22017
22021
22025
22029
22033
22037
22041
22045
22049
22053
22057
22061
22065
22069
22073
22077
22081
22085
22089
22093
22097
22101
22105
22109
22113
22117
22121
22125
22129
22134
22138
22142
22146
22150
22153
22157
22162
22167
22173
22179
22184
22189
22195
22200
22205
22210
22215
22220
22225
22230
22235
22240
22245
22250
22255
22260
22265
22270
22274
22279
22285
22290
22295
22300
22304
22308
22313
22319
22324
22328
22334
22339
22344
22349
22355
22361
22366
22371
22376
22381
22385
22390
22396
22401
22406
22411
22416
22421
22426
22432
22437
22441
22447
22452
22457
22462
22468
22474
22479
22484
22489
22494
22498
22503
22508
22513
22518
22523
22529
22535
22541
22547
22553
22557
22562
22567
22573
22578
22584
22590
22597
22602
22608
22612
22616
22621
22626
22632
22637
22642
22648
22653
22658
22663
22669
22673
22678
22683
22688
22694
22700
22705
22710
22716
22722
22727
22731
22735
22740
22745
22750
22755
22760
22765
22769
22772
22776
22780
22785
22788
22792
22796
22800
22803
22807
22811
22816
22820
22824
22828
22831
22835
22839
22843
22846
22849
22854
22859
22864
22869
22874
22878
22882
22887
22891
22896
22901
22906
22911
22916
22921
22926
22931
22936
22941
22946
22951
22956
22961
22966
22971
22976
22981
22986
22991
22996
23001
23006
23011
23016
23021
23026
23031
23036
23041
23046
23051
23056
23061
23067
23073
23078
23083
23089
23094
23099
23104
23109
23114
23119
23124
23129
23134
23139
23144
23149
23154
23160
23165
23170
23175
23181
23186
23192
23197
23202
23207
23212
23217
23222
23227
23232
23237
23242
23247
23252
23257
23262
23267
23272
23275
23278
23281
23283
23285
23287
23290
23293
23296
23299
23302
23305
23307
23309
23311
23315
23319
23323
23325
23327
23329
23331
23334
23337
23339
23341
23343
23346
23348
23350
23352
23354
23356
23358
23360
23362
23365
23367
23370
23373
23375
23377
23379
23381
23383
23385
23387
23390
23392
23395
23397
23400
23402
23404
23406
23409
23411
23414
23416
23419
23421
23423
23425
23428
23430
23432
23434
23436
23438
23441
23443
23445
23447
23449
23451
23453
23455
23457
23459
23462
23464
23466
23468
23471
23473
23475
23477
23479
23482
23484
23486
23488
23490
23493
23496
23498
23500
23502
23504
23506
23508
23511
23514
23516
23518
23520
23522
23524
23526
23528
23530
23532
23535
23537
23539
23542
23544
23546
23548
23551
23553
23555
23557
23560
23562
23564
23566
23569
23572
23574
23576
23578
23581
23583
23585
23587
23589
23591
23593
23595
23597
23599
23602
23604
23606
23608
23610
23612
23614
23616
23618
23620
23622
23624
23626
23628
23630
23632
23634
23636
23638
23640
23642
23644
23646
23648
23650
23652
23654
23656
23658
23660
23662
23664
23666
23668
23670
23672
23674
23676
23678
23680
23682
23684
23686
23688
23690
23693
23697
23699
23701
23703
23705
23707
23709
23711
23713
23715
23717
23719
23721
23723
23725
23727
23729
23731
23733
23735
23737
23739
23741
23743
23745
23747
23749
23751
23753
23755
23757
23759
23761
23763
23765
23767
23769
23771
23773
23775
23777
23779
23781
23783
23785
23787
23789
23791
23793
23795
23797
23799
23801
23803
23805
23807
23809
23811
23813
23815
23817
23819
23821
23823
23825
23827
23829
23831
23833
23835
23837
23839
23841
23843
23845
23847
23849
23851
23853
23855
23857
23859
23861
23863
23865
23867
23869
23871
23873
23875
23877
23879
23881
23883
23885
23887
23889
23891
23893
23895
23897
23899
23901
23903
23905
23907
23909
23911
23913
23915
23917
23919
23921
23923
23925
23927
23929
23931
23933
23935
23937
23939
23941
23943
23945
23947
23949
23951
23953
23955
23957
23959
23961
23963
23965
23967
23969
23971
23973
23975
23977
23979
23981
23983
23985
23987
23989
23991
23993
23995
23997
23999
24001
24003
24005
24007
24009
24011
24013
24015
24017
24019
24021
24023
24025
24027
24029
24031
24033
24035
24037
24039
24041
24043
24046
24055
24065
24073
24087
24089
24105
24114
24128
24139
24151
24157
24163
24172
24175
24183
24191
24204
24209
24214
24220
24228
24234
24242
24253
24259
24272
24281
24284
24291
24297
24299
24309
24314
24326
24337
24342
24358
24376
24378
24386
24392
24399
24410
24415
24420
24424
24430
24434
24443
24456
24458
24469
24477
24483
24492
24508
24514
24532
24540
24549
24551
24553
24555
24557
24559
24561
24563
24565
24567
24569
24571
24573
24575
24577
24579
24581
24583
24585
24587
24589
24591
24593
24595
24597
24599
24601
24603
24605
24607
24609
24611
24613
24615
24617
24619
24621
24623
24625
24627
24629
24631
24633
24635
24637
24639
24641
24643
24645
24647
24649
24651
24653
24655
24657
24659
24661
24663
24665
24667
24669
24671
24673
24675
24677
24679
24681
24683
24685
24687
24689
24691
24693
24695
24697
24699
24701
24703
24705
24707
24709
24711
24713
24715
24717
24719
24721
24723
24725
24727
24729
24731
24733
24735
24737
24739
24741
24743
24745
24748
24750
24752
24754
24756
24758
24760
24762
24764
24766
24768
24770
24772
24774
24776
24778
24780
24782
24784
24786
24789
24791
24793
24795
24797
24799
24801
24803
24805
24807
24809
24811
24813
24815
24817
24819
24821
24823
24825
24827
24829
24831
24833
24835
24837
24839
24841
24843
24845
24847
24849
24851
24853
24855
24857
24859
24861
24863
24865
24867
24869
24871
24873
24875
24877
24879
24881
24883
24885
24887
24889
24891
24893
24895
24897
24899
24901
24903
24905
24908
24910
24912
24914
24916
24918
24920
24922
24924
24926
24928
24930
24932
24934
24936
24938
24940
24942
24944
24946
24948
24950
24952
24954
24956
24958
24960
24962
24964
24966
24968
24970
24972
24974
24976
24978
24980
24982
24984
24986
24988
24991
24993
24995
24997
24999
25001
25003
25005
25007
25009
25011
25013
25015
25017
25019
25021
25023
25025
25027
25029
25031
25033
25035
25037
25039
25041
25043
25045
25047
25049
25051
25053
25055
25058
25060
25062
25064
25066
25068
25070
25072
25074
25076
25078
25080
25082
25084
25086
25088
25090
25092
25094
25096
25098
25100
25102
25104
25106
25108
25110
25112
25114
25116
25118
25120
25122
25124
25126
25128
25130
25132
25134
25136
25138
25140
25142
25144
25146
25148
25150
25152
25154
25156
25158
25160
25162
25164
25166
25168
25170
25172
25174
25176
25178
25180
25182
25184
25186
25188
25190
25192
25194
25196
25198
25200
25202
25204
25206
25208
25210
25212
25214
25216
25218
25220
25222
25224
25226
25228
25230
25232
25234
25236
25238
25240
25242
25244
25246
25248
25250
25252
25254
25256
25258
25260
25262
25264
25266
25268
25270
25272
25274
25276
25278
25280
25282
25284
25286
25288
25290
25292
25294
25296
25298
25300
25302
25304
25306
25308
25310
25312
25314
25316
25318
25320
25322
25324
25326
25328
25330
25332
25334
25336
25338
25340
25342
25344
25346
25348
25350
25352
25354
25356
25358
25360
25362
25364
25366
25368
25370
25372
25374
25376
25378
25380
25382
25384
25386
25388
25390
25392
25394
25396
25398
25400
25403
25405
25407
25409
25411
25413
25415
25417
25420
25422
25439
25442
25445
25451
25458
25466
25468
25470
25472
25474
25476
25478
25480
25482
25484
25486
25488
25490
25492
25494
25496
25498
25500
25502
25504
25525
25527
25529
25543
25545
25547
25586
25590
25594
25596
25598
25610
25613
25615
25617
25619
25622
25625
25627
25689
26169
26173
26175
26193
26196
26203
26249
26254
26266
26271
26275
26376
26382
26384
26436
26439
26441
26961
26963
26965
26990
27002
27004
27025
27027
27029
27036
27038
27040
27047
27050
27054
27060
27062
27530
27532
27535
27537
27539
27541
27543
27545
27566
27572
27639
27641
27643
27645
27647
27654
27685
27687
27735
27739
27741
27743
27762
27815
27819
27821
27824
27826
27828
28000
28031
28068
28070
28072
28074
28091
28093
28112
28149
28182
28187
28189
28191
28193
28292
28518
28523
28525
28527
28546
28604
28607
28610
28620
28622
28633
28641
28643
28655
28657
28659
28663
28665
28667
28915
28940
28943
31867
31900
31902
31921
31927
31929
31931
31933
31935
31937
31939
31941
31943
31945
31956
31958
31965
31967
31971
31976
31978
31980
31983
31985
31987
31989
31996
31998
32000
32004
32006
32011
32013
32015
32017
32019
32021
32023
32025
32027
32029
32031
32033
32035
32037
32039
32041
32043
32045
32047
32049
32051
32053
32055
32057
32059
32061
32063
32065
32067
32069
32071
32073
32075
32077
32079
32081
32083
32085
32087
32089
32091
32093
32095
32097
32099
32101
32103
32105
32107
32109
32111
32113
32115
32117
32119
32121
32123
32125
32127
32129
32131
32133
32135
32137
32139
32141
32143
32145
32147
32149
32151
32153
32155
32157
32159
32161
32163
32165
32167
32169
32171
32173
32175
32177
32179
32181
32183
32185
32187
32189
32191
32193
32195
32197
32199
32201
32203
32205
32207
32209
32211
32213
32215
32217
32220
32222
32224
32226
32228
32230
32232
32234
32236
32238
32240
32242
32244
32246
32248
32250
32252
32254
32256
32258
32260
32262
32264
32266
32268
32270
32272
32274
32276
32278
32280
32282
32284
32286
32288
32290
32292
32294
32296
32298
32300
32302
32304
32306
32308
32310
32312
32314
32316
32318
32320
32322
32324
32326
32328
32330
32332
32334
32336
32338
32340
32342
32344
32346
32348
32350
32352
32354
32356
32358
32360
32362
32364
32366
32368
32370
32372
32374
32376
32378
32380
32382
32384
32386
32388
32390
32392
32394
32396
32398
32400
32402
32404
32406
32408
32410
32412
32414
32416
32418
32420
32422
32424
32426
32428
32430
32432
32434
32436
32438
32440
32442
32444
32446
32448
32450
32452
32454
32456
32458
32460
32462
32464
32466
32468
32470
32472
32474
32476
32478
32480
32482
32484
32486
32488
32490
32492
32494
32496
32498
32500
32502
32504
32506
32508
32510
32512
32514
32516
32518
32520
32522
32524
32526
32528
32530
32532
32534
32536
32538
32541
32543
32545
32547
32549
32551
32553
32555
32557
32559
32561
32563
32565
32568
32570
32572
32574
32576
32578
32580
32585
32587
32589
32592
32598
32614
32620
32624
32627
32630
32636
32641
32644
32674
32712
32716
32720
32733
32737
32740
32747
32768
32771
32774
32779
32793
32795
32801
32822
32828
32833
32840
32843
32845
32847
32855
32860
32866
32871
32876
32880
32883
32885
32888
32892
32895
32897
32900
32903
32907
32912
32916
32923
32931
32937
32948
32954
32965
32976
32987
32998
33007
33018
33034
33046
33054
33062
33080
33082
33091
33103
33111
33124
33126
33128
33140
33143
33147
33159
33163
33167
33169
33171
33173
33175
33177
33179
33181
33183
33185
33187
33189
33191
33193
33195
33197
33199
33201
33203
33206
33208
33211
33213
33215
33217
33219
33221
33223
33225
33227
33229
33231
33233
33235
33237
33239
33241
33244
33251
33254
33257
33261
33264
33266
33268
33271
33273
33275
33277
33279
33281
33283
33285
33288
33290
33293
33295
33297
33299
33301
33303
33305
33307
33309
33311
33313
33315
33317
33319
33321
33323
33325
33327