0
5
10
15
20
25
30
35
42
47
52
57
62
67
72
77
82
87
92
99
104
109
114
119
124
129
134
139
144
149
154
159
164
169
174
179
186
191
196
201
206
211
216
221
226
231
236
241
246
251
256
261
266
271
276
281
286
291
298
305
312
319
326
333
340
347
354
359
366
373
380
387
394
401
406
411
419
459
480
505
524
540
580
863
871
887
892
899
909
916
947
954
966
973
980
987
994
1016
1023
1041
1048
1055
1062
1089
1096
1103
1110
1117
1124
1150
1180
1187
1207
1234
1241
1248
1255
1262
1269
1274
1281
1289
1296
1303
1310
1317
1324
1331
1338
1345
1352
1359
1366
1374
1381
1388
1395
1403
1410
1417
1426
1435
1444
1454
1464
1474
1484
1494
1504
1514
1524
1534
1544
1554
1564
1574
1584
1594
1604
1614
1624
1634
1644
1654
1664
1674
1684
1694
1704
1714
1730
1740
1750
1760
1770
1780
1790
1800
1810
1820
1830
1840
1850
1860
1870
1880
1890
1900
1909
1918
1927
1936
1945
1955
1964
1973
1982
1991
2000
2009
2018
2027
2037
2047
2057
2067
2077
2087
2097
2107
2117
2127
2137
2147
2157
2167
2177
2187
2197
2207
2217
2227
2237
2247
2257
2267
2277
2287
2297
2307
2317
2327
2337
2347
2357
2367
2377
2387
2397
2407
2417
2427
2437
2447
2457
2467
2477
2487
2497
2507
2517
2527
2537
2547
2557
2567
2577
2587
2597
2607
2617
2627
2637
2647
2657
2667
2677
2687
2697
2707
2717
2727
2737
2747
2757
2767
2777
2787
2797
2807
2817
2827
2837
2847
2857
2867
2877
2887
2897
2907
2917
2927
2937
2947
2957
2967
2977
2987
2997
3007
3017
3027
3037
3047
3057
3067
3077
3087
3097
3107
3117
3127
3137
3147
3157
3167
3177
3187
3197
3207
3217
3227
3237
3247
3257
3267
3277
3287
3297
3307
3317
3327
3337
3347
3357
3367
3377
3387
3397
3407
3417
3427
3437
3447
3457
3467
3477
3487
3497
3507
3517
3527
3537
3547
3557
3567
3577
3587
3597
3607
3617
3627
3637
3647
3657
3667
3677
3687
3697
3707
3717
3727
3737
3747
3757
3767
3777
3787
3797
3807
3817
3827
3837
3847
3857
3867
3877
3887
3897
3907
3917
3927
3937
3947
3957
3967
3977
3987
3997
4007
4017
4027
4037
4043
4053
4063
4073
4083
4093
4103
4113
4123
4133
4143
4152
4162
4172
4182
4192
4202
4212
4222
4232
4242
4252
4262
4272
4282
4292
4302
4312
4322
4332
4342
4352
4362
4372
4382
4392
4402
4412
4422
4432
4442
4452
4462
4472
4482
4492
4502
4512
4522
4532
4542
4552
4562
4572
4582
4592
4602
4612
4622
4632
4642
4652
4662
4672
4682
4692
4702
4712
4722
4732
4742
4752
4762
4772
4782
4792
4802
4812
4822
4832
4842
4852
4862
4872
4882
4892
4902
4912
4922
4932
4942
4952
4962
4972
4982
4992
4998
5008
5018
5028
5038
5048
5058
5068
5078
5088
5098
5108
5118
5128
5138
5148
5158
5168
5178
5188
5198
5208
5218
5228
5238
5248
5258
5268
5278
5288
5298
5308
5318
5328
5338
5348
5358
5368
5378
5388
5398
5408
5418
5428
5438
5448
5458
5468
5478
5488
5498
5508
5518
5528
5538
5548
5558
5568
5578
5588
5598
5608
5618
5628
5638
5648
5658
5668
5678
5688
5698
5708
5718
5728
5738
5748
5758
5768
5778
5788
5798
5808
5818
5828
5838
5848
5858
5869
5879
5889
5899
5909
5919
5929
5939
5949
5959
5969
5979
5989
5999
6009
6019
6029
6039
6049
6059
6069
6079
6089
6099
6109
6119
6129
6139
6149
6159
6169
6179
6189
6199
6209
6219
6229
6239
6249
6259
6269
6279
6289
6299
6309
6319
6329
6339
6349
6359
6369
6379
6389
6399
6409
6419
6429
6439
6449
6459
6469
6479
6489
6499
6509
6519
6529
6539
6549
6559
6569
6579
6589
6599
6609
6619
6629
6639
6649
6659
6669
6679
6689
6699
6730
6737
6744
6751
6756
6763
6770
6777
6784
6791
6798
6806
6814
6822
6830
6838
6846
6854
6862
6876
6883
6891
6899
6907
6915
6923
6931
6939
6947
6955
6963
6975
6982
6989
6996
7003
7021
7030
7037
7056
7063
7084
7091
7109
7118
7126
7133
7140
7147
7154
7175
7182
7189
7196
7208
7215
7224
7237
7244
7251
7258
7265
7277
7292
7299
7306
7313
7320
7330
7337
7344
7351
7358
7367
7374
7384
7391
7398
7405
7414
7422
7429
7437
7445
7453
7461
7469
7477
7485
7493
7501
7509
7523
7532
7542
7552
7562
7572
7582
7592
7604
7614
7624
7634
7644
7654
7664
7674
7684
7694
7704
7714
7724
7734
7744
7755
7765
7775
7785
7795
7805
7815
7825
7835
7845
7855
7865
7875
7885
7895
7905
7915
7925
7935
7945
7955
7965
7976
7986
7996
8006
8016
8026
8036
8046
8057
8067
8077
8087
8097
8107
8117
8127
8137
8147
8157
8167
8177
8187
8197
8207
8217
8227
8237
8247
8257
8267
8277
8287
8297
8307
8317
8327
8337
8347
8357
8367
8377
8387
8397
8407
8417
8428
8438
8448
8458
8468
8478
8488
8498
8508
8518
8528
8538
8548
8558
8568
8578
8588
8598
8610
8622
8632
8642
8652
8662
8672
8682
8692
8702
8712
8723
8733
8743
8753
8763
8774
8784
8794
8804
8814
8824
8834
8844
8854
8864
8874
8884
8894
8904
8914
8924
8934
8944
8954
8964
8985
8992
8999
9008
9015
9025
9032
9041
9048
9057
9065
9072
9079
9086
9093
9100
9107
9114
9123
9130
9141
9148
9155
9162
9171
9176
9183
9190
9198
9206
9214
9230
9237
9244
9251
9260
9269
9276
9283
9291
9298
9305
9312
9319
9326
9333
9340
9347
9354
9364
9371
9376
9383
9390
9397
9404
9411
9418
9425
9433
9441
9457
9627
9637
9645
9653
9661
9669
9677
9685
9693
9701
9709
9717
9737
9748
9760
9769
9779
9788
9799
9808
9817
9873
9884
9894
9904
9916
9921
9930
9937
9942
9951
9970
9978
9988
9996
10021
10029
10037
10045
10053
10064
10072
10082
10130
10138
10144
10152
10162
10172
10180
10190
10198
10206
10216
10224
10232
10240
10250
10258
10266
10276
10286
10296
10306
10314
10322
10332
10342
10352
10360
10370
10380
10390
10400
10408
10418
10428
10436
10446
10456
10464
10474
10482
10490
10498
10506
10514
10524
10534
10544
10554
10562
10572
10580
10592
10602
10612
10620
10630
10640
10648
10656
10666
10674
10684
10692
10702
10712
10722
10732
10742
10750
10758
10766
10774
10782
10790
10798
10806
10814
10822
10830
10838
10846
10854
10862
10872
10880
10888
10896
10904
10912
10920
10928
10936
10944
10952
10960
10968
10976
10984
10992
11000
11008
11018
11030
11040
11048
11058
11070
11082
11094
11106
11116
11124
11132
11140
11148
11156
11166
11174
11184
11194
11202
11210
11216
11224
11234
11244
11256
11264
11274
11282
11290
11298
11306
11314
11322
11330
11338
11346
11354
11362
11370
11378
11386
11394
11402
11410
11418
11426
11434
11442
11450
11458
11466
11474
11482
11490
11498
11506
11514
11522
11530
11538
11546
11554
11562
11570
11578
11586
11594
11602
11610
11618
11626
11634
11642
11650
11658
11666
11674
11682
11690
11698
11706
11714
11722
11730
11738
11746
11754
11762
11770
11778
11786
11794
11802
11810
11818
11826
11834
11842
11850
11858
11866
11874
11882
11890
11898
11906
11917
11929
11937
11945
11953
11961
11969
11977
11985
11995
12003
12013
12023
12031
12045
12053
12061
12071
12083
12091
12099
12109
12121
12131
12139
12147
12155
12163
12171
12179
12187
12199
12211
12219
12231
12243
12255
12267
12277
12289
12301
12313
12325
12337
12349
12361
12373
12381
12391
12403
12415
12427
12439
12451
12463
12473
12481
12493
12501
12513
12521
12529
12537
12549
12561
12567
12575
12587
12597
12605
12615
12625
12633
12641
12649
12657
12667
12677
12683
12691
12699
12707
12717
12725
12731
12739
12747
12755
12765
12775
12785
12793
12803
12811
12819
12827
12835
12843
12849
12857
12865
12873
12881
12889
12897
12905
12913
12921
12929
12937
12945
12953
12961
12969
12977
12985
12993
13001
13009
13017
13025
13033
13041
13049
13057
13065
13073
13081
13089
13097
13105
13113
13121
13129
13137
13145
13153
13161
13169
13177
13185
13193
13201
13209
13217
13225
13233
13241
13249
13257
13265
13273
13281
13289
13297
13305
13313
13321
13329
13337
13345
13353
13361
13369
13377
13385
13393
13401
13409
13417
13425
13433
13439
13447
13455
13463
13471
13479
13487
13495
13503
13511
13519
13527
13535
13545
13553
13561
13569
13578
13586
13596
13604
13612
13620
13630
13640
13650
13658
13666
13674
13682
13690
13698
13706
13714
13722
13730
13738
13748
13756
13764
13772
13780
13788
13796
13804
13812
13820
13828
13836
13846
13854
13862
13870
13880
13888
13896
13904
13914
13924
13934
13944
13952
13960
13968
13976
13986
13994
14002
14010
14018
14026
14034
14042
14052
14062
14070
14078
14086
14096
14104
14112
14120
14128
14136
14144
14154
14164
14172
14182
14192
14200
14208
14218
14228
14238
14246
14254
14264
14272
14282
14290
14298
14306
14314
14322
14330
14340
14348
14358
14368
14376
14384
14392
14400
14408
14418
14426
14434
14442
14450
14458
14466
14474
14482
14490
14498
14506
14514
14522
14532
14540
14548
14556
14564
14574
14582
14590
14598
14606
14614
14622
14630
14638
14646
14654
14664
14672
14680
14688
14696
14726
14734
14742
14750
14758
14766
14787
14807
14831
14853
14877
14902
14928
14954
14977
15000
15026
15052
15078
15102
15124
15150
15176
15200
15226
15252
15272
15298
15318
15346
15372
15400
15424
15448
15474
15496
15514
15540
15566
15590
15616
15644
15670
15696
15720
15746
15770
15791
15818
15845
15870
15884
15892
15900
15941
15949
15957
15965
15973
15981
15991
16001
16015
16025
16036
16044
16054
16065
16080
16100
16113
16125
16139
16157
16170
16186
16201
16232
16240
16250
16265
16281
16289
16320
16330
16351
16364
16370
16410
16420
16432
16446
16454
16462
16475
16484
16503
16550
16556
16562
16583
16591
16597
16607
16621
16649
16655
16686
16866
16883
16889
16897
16951
16959
16969
16979
16989
16997
17007
17017
17027
17037
17047
17055
17065
17075
17083
17091
17099
17109
17128
17136
17147
17157
17167
17175
17185
17193
17201
17209
17217
17227
17237
17247
17255
17265
17275
17285
17295
17305
17313
17323
17333
17341
17353
17363
17373
17381
17391
17399
17407
17415
17423
17431
17441
17451
17459
17469
17479
17489
17497
17507
17517
17646
17658
17670
17682
17694
17706
17718
17730
17742
17754
17766
17778
17790
17802
17814
17826
17838
17850
17858
17870
17882
17894
17906
17918
17930
17942
17954
17966
17978
17990
18002
18014
18026
18038
18050
18062
18074
18086
18098
18110
18122
18134
18146
18158
18170
18182
18194
18206
18214
18222
18230
18238
18248
18258
18268
18278
18286
18296
18306
18314
18324
18334
18342
18350
18358
18368
18376
18384
18394
18404
18414
18424
18434
18444
18454
18464
18474
18484
18494
18504
18514
18524
18534
18544
18552
18562
18572
18582
18592
18602
18610
18618
18626
18634
18644
18654
18664
18674
18682
18692
18702
18712
18720
18730
18738
18746
18756
18766
18776
18784
18792
18800
18810
18820
18830
18840
18850
18860
18870
18880
18890
18898
18908
18918
18928
18938
18948
18958
18968
18978
18988
18998
19008
19018
19028
19038
19048
19058
19068
19078
19088
19098
19108
19118
19128
19136
19144
19154
19164
19174
19184
19192
19202
19212
19220
19228
19236
19244
19254
19262
19270
19278
19286
19294
19302
19310
19318
19326
19334
19342
19350
19358
19366
19374
19382
19390
19400
19410
19420
19428
19436
19444
19452
19460
19468
19476
19484
19494
19504
19514
19524
19532
19542
19552
19562
19570
19580
19588
19596
19604
19612
19622
19630
19638
19648
19658
19668
19678
19686
19696
19706
19716
19726
19736
19746
19756
19766
19776
19786
19796
19806
19814
19824
19834
19844
19854
19864
19872
19882
19892
19902
19912
19920
19930
19940
19950
19960
19968
19978
19986
19996
20006
20014
20024
20034
20044
20052
20062
20070
20078
20086
20094
20102
20110
20120
20130
20140
20148
20156
20166
20176
20186
20196
20206
20216
20226
20234
20244
20254
20264
20274
20284
20294
20304
20314
20324
20334
20344
20354
20364
20374
20384
20394
20404
20414
20424
20432
20442
20452
20462
20472
20480
20488
20524
20532
20540
20550
20560
20570
20580
20588
20598
20608
20618
20626
20636
20644
20652
20660
20668
20676
20686
20696
20706
20716
20724
20732
20742
20752
20762
20772
20782
20792
20802
20810
20818
20828
20838
20848
20858
20868
20878
20888
20898
20908
20918
20928
20938
20948
20956
20966
20976
20984
20994
21004
21014
21024
21032
21042
21052
21062
21072
21082
21090
21100
21110
21120
21128
21136
21146
21154
21164
21174
21184
21194
21202
21212
21222
21232
21242
21254
21262
21270
21278
21286
21294
21302
21351
21360
21421
21443
21465
21487
21577
21585
21593
21601
21609
21619
21627
21637
21645
21653
21663
21673
21683
21693
21703
21715
21725
21735
21745
21755
21765
21775
21785
21795
21805
21815
22100
22108
22117
22123
22131
22142
22149
22159
22167
22218
22302
22312
22322
22332
22342
22352
22362
22370
22380
22388
22402
22414
22425
22433
22441
22450
22460
22468
22563
22590
22612
22632
22664
22682
22706
22730
22750
22774
22796
22820
22838
22858
22876
22896
22914
22939
22960
22984
23002
23026
23050
23074
23098
23123
23147
23165
23189
23209
23233
23257
23277
23299
23323
23347
23371
23391
23409
23433
23457
23477
23499
23523
23541
23565
23589
23612
23634
23658
23680
23698
23718
23742
23764
23788
23923
23940
23949
23957
23963
23971
24004
24044
24087
24135
24169
24204
24237
24272
24309
24345
24381
24416
24470
24504
24543
24595
24630
24673
24724
24759
24802
24836
24884
24925
24961
25003
25042
25081
25122
25159
25181
25203
25240
25298
25321
25364
25390
25415
25442
25469
25495
25521
25544
25569
25596
25621
25657
25682
25706
25731
25758
25781
25806
25831
25856
25880
25907
25942
25968
25995
26020
26045
26069
26095
26120
26145
26170
26197
26239
26262
26287
26314
26339
26364
26390
26416
26442
26468
26496
26537
26566
26593
26619
26642
26666
26694
26722
26747
26773
26797
26828
26853
26880
26911
26936
26963
26991
27018
27043
27068
27094
27129
27154
27179
27204
27234
27260
27289
27314
27340
27366
27393
27419
27450
27473
27498
27525
27550
27577
27604
27635
27666
27743
27813
27857
27894
27932
27979
28021
28057
28092
28126
28160
28199
28234
28280
28324
28360
28396
28429
28464
28516
28574
28605
28657
28698
28732
28773
28817
28860
28895
28927
28957
28989
29020
29064
29099
29134
29172
29203
29239
29274
29307
29355
29388
29425
29455
29504
29543
29581
29613
29648
29683
29717
29752
29789
29824
29862
29895
29934
29969
30004
30037
30077
30117
30150
30183
30224
30253
30300
30343
30375
30414
30442
30488
30520
30556
30589
30618
30670
30704
30733
30768
30801
30836
30876
30929
30973
31004
31049
31057
31067
31077
31087
31229
31237
31246
31264
31272
31311
31319
31325
31334
31340
31349
31355
31521
31532
31540
31548
31556
31564
31572
31580
31588
31596
31604
31612
31620
31630
31638
31646
31654
31667
31675
31683
31694
31702
31712
31720
31729
31737
31746
31754
31763
31779
31787
31799
31807
31815
31824
31832
31841
31850
31858
31866
31874
31883
31891
31899
31907
31915
31923
31931
31939
31952
31961
31969
31977
31985
31994
32002
32010
32018
32026
32034
32044
32052
32060
32077
32085
32093
32101
32144
32218
32235
32246
32257
32268
32279
32290
32301
32312
32320
32331
32342
32353
32364
32372
32383
32394
32405
32416
32427
32438
32449
32460
32471
32479
32490
32501
32512
32523
32534
32545
32556
32567
32578
32589
32600
32611
32622
32633
32643
32652
32662
32672
32687
32699
32711
32723
32735
32747
32759
32771
32783
32795
32807
32819
32831
32843
32853
32865
32877
32889
32901
32913
32925
32937
32949
32961
32969
32981
32993
33005
33017
33029
33041
33053
33065
33077
33089
33101
33113
33123
33135
33147
33159
33171
33183
33195
33207
33219
33231
33243
33253
33265
33277
33289
33301
33313
33325
33337
33349
33361
33373
33385
33397
33409
33421
33461
33467
33475
33483
33491
33497
33520
33543
33563
33583
33605
33619
33640
33659
33680
33703
33722
33732
33746
33756
33768
33780
33797
33815
33835
33851
33862
33873
33884
33895
33906
33917
33928
33939
33950
33961
33972
33983
33994
34005
34016
34027
34038
34049
34060
34071
34082
34093
34104
34115
34126
34137
34148
34159
34170
34181
34192
34203
34214
34225
34236
34247
34258
34269
34280
34291
34302
34313
34324
34335
34346
34357
34368
34379
34390
34401
34412
34423
34434
34445
34456
34467
34478
34489
34500
34511
34522
34533
34544
34555
34566
34577
34583
34623
34633
34643
34651
34659
34669
34677
34685
34693
34701
34711
34721
34729
34741
34763
34785
34809
34840
34872
34896
34912
34940
34963
34982
34996
35017
35032
35048
35078
35094
35112
35144
35168
35189
35215
35242
35256
35282
35298
35314
35328
35351
35369
35383
35404
35420
35448
35466
35497
35516
35530
35546
35570
35586
35609
35627
35654
35673
35687
35703
35719
35740
35756
35777
35798
35815
35831
35854
35888
35904
35928
35949
35979
35993
36026
36040
36058
36084
36105
36119
36144
36162
36182
36204
36222
36238
36254
36270
36286
36302
36320
36338
36358
36380
36394
36430
36456
36474
36498
36516
36539
36568
36596
36623
36651
36676
36690
36713
36736
36759
36785
36812
36820
36850
36871
36897
36911
36926
36960
36987
37012
37036
37055
37081
37105
37129
37150
37184
37216
37247
37263
37278
37309
37325
37352
37366
37384
37404
37420
37443
37464
37480
37497
37526
37542
37558
37574
37604
37629
37645
37674
37707
37726
37752
37782
37811
37837
37861
37884
37901
37924
37961
37977
38002
38025
38041
38067
38098
38114
38135
38151
38185
38200
38216
38242
38274
38291
38321
38333
38360
38378
38400
38414
38448
38481
38497
38510
38526
38542
38570
38596
38616
38636
38652
38668
38684
38714
38740
38765
38789
38819
38835
38853
38883
38901
38917
38940
38954
38970
38984
38998
39016
39041
39055
39073
39088
39117
39132
39146
39160
39174
39188
39200
39227
39241
39255
39278
39292
39306
39333
39347
39361
39375
39389
39408
39426
39446
39471
39492
39508
39532
39544
39554
39571
39583
39595
39607
39626
39639
39651
39663
39681
39700
39712
39729
39741
39753
39765
39777
39789
39807
39819
39838
39850
39865
39878
39888
39903
39915
39929
39943
39957
39971
39985
39999
40014
40028
40043
40057
40076
40090
40104
40118
40133
40147
40166
40180
40195
40209
40223
40241
40251
40270
40284
40298
40316
40334
40348
40361
40373
40387
40401
40419
40433
40451
40465
40493
40507
40519
40538
40546
40560
40574
40582
40592
40606
40625
40639
40649
40663
40681
40693
40703
40718
40736
40754
40768
40782
40801
40816
40834
40848
40862
40876
40890
40904
40919
40934
40950
40968
40978
40992
41006
41016
41030
41048
41066
41080
41094
41109
41123
41137
41152
41170
41188
41206
41225
41239
41253
41267
41282
41296
41314
41330
41344
41363
41373
41386
41400
41414
41428
41443
41455
41467
41482
41496
41510
41524
41538
41556
41570
41584
41598
41611
41640
41659
41672
41686
41702
41721
41741
41765
41789
41803
41831
41847
41861
41877
41891
41907
41930
41953
41969
41983
41997
42025
42042
42073
42101
42115
42129
42148
42179
42193
42219
42233
42261
42275
42289
42313
42331
42354
42382
42394
42408
42422
42441
42461
42493
42507
42525
42539
42560
42572
42580
42588
42596
42602
42608
42615
42618
42629
42638
42645
42655
42662
42669
42676
42683
42692
42699
42706
42715
42722
42729
42738
42745
42752
42761
42771
42781
42791
42801
42811
42829
42836
42843
42855
42865
42875
42887
42899
42909
42921
42931
42943
42953
42969
42976
42983
42990
42997
43007
43014
43025
43034
43043
43050
43057
43066
43073
43080
43090
43099
43106
43115
43125
43134
43143
43155
43162
43169
43178
43188
43198
43214
43221
43230
43239
43246
43255
43264
43271
43281
43289
43297
43305
43313
43321
43329
43337
43345
43353
43361
43369
43377
43385
43393
43401
43409
43417
43425
43433
43441
43451
43459
43467
43477
43485
43499
43506
43513
43520
43527
43534
43541
43548
43557
43564
43571
43581
43591
43601
43613
43623
43633
43643
43653
43663
43673
43691
43698
43705
43712
43719
43728
43735
43742
43754
43761
43768
43779
43788
43795
43806
43818
43829
43840
43851
43862
43889
43901
43913
43923
43935
43945
43957
43967
43981
43993
44007
44019
44031
44039
44051
44059
44067
44079
44087
44099
44113
44125
44135
44148
44156
44168
44176
44188
44200
44210
44218
44230
44240
44248
44258
44268
44276
44284
44292
44300
44308
44316
44324
44334
44344
44354
44364
44374
44386
44398
